451
474
288
383
458
455
29
326
349
29
354
226
111
475
289
71
182
124
138
185
94
492
147
170
414
233
403
48
360
74
246
108
421
179
257
291
314
32
230
182
98
194
484
101
370
329
149
82
471
464
480
498
301
191
183
459
328
118
468
225
52
480
466
275
282
247
304
432
219
497
257
150
394
455
88
399
8
46
300
85
85
322
76
395
94
248
306
231
495
297
463
196
63
5
130
117
228
209
319
123
26
217
363
474
208
330
104
346
104
284
451
283
318
384
141
230
404
72
181
34
440
74
436
422
35
62
88
390
325
470
172
299
226
177
60
368
459
102
187
264
145
460
127
212
345
180
377
179
364
400
212
156
29
285
182
452
280
440
439
147
243
214
21
133
112
153
57
142
324
272
271
302
385
416
389
480
446
225
77
354
184
408
27
425
259
16
270
441
494
107
89
19
163
41
22
430
439
494
100
192
